   7.5750722e-01
   2.4583973e-01
   9.8662416e-01
   3.5473751e-01
   9.1874802e-01
   9.5984624e-01
   9.5169583e-01
   6.0373714e-01
   2.4279491e-01
   1.8389173e-01
   1.5923057e-01
   7.4542252e-01
   4.1104182e-01
   2.2306804e-01
   6.9258806e-01
   4.4861856e-01
   6.4418264e-01
   8.1741348e-01
   8.9664191e-01
   8.8613682e-01
   3.2405135e-01
   2.0291859e-01
   5.4262126e-02
   8.5538167e-01
   8.2123734e-01
   1.1319708e-01
   9.6388005e-01
   8.0197954e-01
   7.8900095e-02
   7.0173057e-01
   8.0012009e-01
   3.1307938e-01
   6.2601946e-01
   1.1628797e-01
   8.2398728e-02
   2.0984864e-01
   1.5386400e-01
   8.7838837e-01
   3.9451396e-01
   6.8139862e-01
   6.5559784e-01
   2.8050441e-01
   8.2768237e-01
   8.7396461e-01
   2.8906615e-01
   4.0240168e-01
   8.1365710e-01
   4.9935643e-02
   9.6621950e-02
   3.1567845e-01
   9.0333630e-01
   5.7608642e-01
   1.7074839e-01
   8.0273275e-02
   5.4689049e-01
   8.3349777e-01
   1.4248441e-01
   9.0290583e-01
   3.9167226e-01
   1.1024391e-01
   3.0310055e-01
   9.3017056e-01
   1.0120462e-01
   7.4339587e-01
   4.2686336e-01
   2.9017365e-01
   2.6873734e-01
   9.9172087e-01
   3.1491585e-01
   2.5185475e-01
   4.4480258e-01
   8.9001559e-01
   7.6820391e-02
   3.1567232e-01
   9.1923170e-01
   2.7660787e-01
   6.2374893e-01
   4.9177180e-01
   5.0642798e-01
   3.2928875e-01
   1.5467218e-02
   6.1616697e-01
   9.8301223e-01
   6.0279461e-01
   5.1114795e-01
   4.9396434e-01
   2.0996407e-01
   6.3854576e-01
   7.3772158e-01
   2.5152875e-01
   6.5474842e-01
   5.9522687e-01
   5.3905022e-01
   8.6643080e-02
   9.8902612e-01
   7.8172600e-02
   8.8544860e-02
   1.5519162e-02
   9.5424847e-01
   5.4810001e-01
